0.0001 2.18E-05 7.08E-05 2.54E-05 1E-05 7.8E-06 2.18E-05 0.168 0.201 0.01 100 20 10000000 0 10
0.0001 2.18E-05 7.08E-05 2.54E-05 1E-05 7.8E-06 2.18E-05 0.168 0.201 0.01 100 20 10000000 10 20
0.0001 2.18E-05 7.08E-05 2.54E-05 1E-05 7.8E-06 2.18E-05 0.168 0.201 0.01 100 20 10000000 20 30
0.0001 2.18E-05 7.08E-05 2.54E-05 1E-05 7.8E-06 2.18E-05 0.168 0.201 0.01 100 20 10000000 30 40
0.0001 2.18E-05 7.08E-05 2.54E-05 1E-05 7.8E-06 2.18E-05 0.168 0.201 0.01 100 20 10000000 40 50
0.0001 2.18E-05 7.08E-05 2.54E-05 1E-05 7.8E-06 2.18E-05 0.168 0.201 0.01 100 20 10000000 50 60
0.0001 2.18E-05 7.08E-05 2.54E-05 1E-05 7.8E-06 2.18E-05 0.168 0.201 0.01 100 20 10000000 60 70
0.0001 2.18E-05 7.08E-05 2.54E-05 1E-05 7.8E-06 2.18E-05 0.168 0.201 0.01 100 20 10000000 70 80
0.0001 2.18E-05 7.08E-05 2.54E-05 1E-05 7.8E-06 2.18E-05 0.168 0.201 0.01 100 20 10000000 80 90
0.0001 2.18E-05 7.08E-05 2.54E-05 1E-05 7.8E-06 2.18E-05 0.168 0.201 0.01 100 20 10000000 90 101
0.0001 2.18E-05 7.08E-05 2.54E-05 1E-05 7.8E-06 2.18E-05 0.168 0.201 0.01 100 24 10000000 0 10
0.0001 2.18E-05 7.08E-05 2.54E-05 1E-05 7.8E-06 2.18E-05 0.168 0.201 0.01 100 24 10000000 10 20
0.0001 2.18E-05 7.08E-05 2.54E-05 1E-05 7.8E-06 2.18E-05 0.168 0.201 0.01 100 24 10000000 20 30
0.0001 2.18E-05 7.08E-05 2.54E-05 1E-05 7.8E-06 2.18E-05 0.168 0.201 0.01 100 24 10000000 30 40
0.0001 2.18E-05 7.08E-05 2.54E-05 1E-05 7.8E-06 2.18E-05 0.168 0.201 0.01 100 24 10000000 40 50
0.0001 2.18E-05 7.08E-05 2.54E-05 1E-05 7.8E-06 2.18E-05 0.168 0.201 0.01 100 24 10000000 50 60
0.0001 2.18E-05 7.08E-05 2.54E-05 1E-05 7.8E-06 2.18E-05 0.168 0.201 0.01 100 24 10000000 60 70
0.0001 2.18E-05 7.08E-05 2.54E-05 1E-05 7.8E-06 2.18E-05 0.168 0.201 0.01 100 24 10000000 70 80
0.0001 2.18E-05 7.08E-05 2.54E-05 1E-05 7.8E-06 2.18E-05 0.168 0.201 0.01 100 24 10000000 80 90
0.0001 2.18E-05 7.08E-05 2.54E-05 1E-05 7.8E-06 2.18E-05 0.168 0.201 0.01 100 24 10000000 90 101
0.0001 2.18E-05 7.08E-05 2.54E-05 1E-05 7.8E-06 2.18E-05 0.168 0.201 0.01 100 28 10000000 0 10
0.0001 2.18E-05 7.08E-05 2.54E-05 1E-05 7.8E-06 2.18E-05 0.168 0.201 0.01 100 28 10000000 10 20
0.0001 2.18E-05 7.08E-05 2.54E-05 1E-05 7.8E-06 2.18E-05 0.168 0.201 0.01 100 28 10000000 20 30
0.0001 2.18E-05 7.08E-05 2.54E-05 1E-05 7.8E-06 2.18E-05 0.168 0.201 0.01 100 28 10000000 30 40
0.0001 2.18E-05 7.08E-05 2.54E-05 1E-05 7.8E-06 2.18E-05 0.168 0.201 0.01 100 28 10000000 40 50
0.0001 2.18E-05 7.08E-05 2.54E-05 1E-05 7.8E-06 2.18E-05 0.168 0.201 0.01 100 28 10000000 50 60
0.0001 2.18E-05 7.08E-05 2.54E-05 1E-05 7.8E-06 2.18E-05 0.168 0.201 0.01 100 28 10000000 60 70
0.0001 2.18E-05 7.08E-05 2.54E-05 1E-05 7.8E-06 2.18E-05 0.168 0.201 0.01 100 28 10000000 70 80
0.0001 2.18E-05 7.08E-05 2.54E-05 1E-05 7.8E-06 2.18E-05 0.168 0.201 0.01 100 28 10000000 80 90
0.0001 2.18E-05 7.08E-05 2.54E-05 1E-05 7.8E-06 2.18E-05 0.168 0.201 0.01 100 28 10000000 90 101
0.0001 2.18E-05 7.08E-05 2.54E-05 1E-05 7.8E-06 2.18E-05 0.168 0.201 0.01 100 18 10000000 0 10
0.0001 2.18E-05 7.08E-05 2.54E-05 1E-05 7.8E-06 2.18E-05 0.168 0.201 0.01 100 18 10000000 10 20
0.0001 2.18E-05 7.08E-05 2.54E-05 1E-05 7.8E-06 2.18E-05 0.168 0.201 0.01 100 18 10000000 20 30
0.0001 2.18E-05 7.08E-05 2.54E-05 1E-05 7.8E-06 2.18E-05 0.168 0.201 0.01 100 18 10000000 30 40
0.0001 2.18E-05 7.08E-05 2.54E-05 1E-05 7.8E-06 2.18E-05 0.168 0.201 0.01 100 18 10000000 40 50
0.0001 2.18E-05 7.08E-05 2.54E-05 1E-05 7.8E-06 2.18E-05 0.168 0.201 0.01 100 18 10000000 50 60
0.0001 2.18E-05 7.08E-05 2.54E-05 1E-05 7.8E-06 2.18E-05 0.168 0.201 0.01 100 18 10000000 60 70
0.0001 2.18E-05 7.08E-05 2.54E-05 1E-05 7.8E-06 2.18E-05 0.168 0.201 0.01 100 18 10000000 70 80
0.0001 2.18E-05 7.08E-05 2.54E-05 1E-05 7.8E-06 2.18E-05 0.168 0.201 0.01 100 18 10000000 80 90
0.0001 2.18E-05 7.08E-05 2.54E-05 1E-05 7.8E-06 2.18E-05 0.168 0.201 0.01 100 18 10000000 90 101
0.0001 2.18E-05 7.08E-05 2.54E-05 1E-05 7.8E-06 2.18E-05 0.168 0.201 0.01 100 30 10000000 0 10
0.0001 2.18E-05 7.08E-05 2.54E-05 1E-05 7.8E-06 2.18E-05 0.168 0.201 0.01 100 30 10000000 10 20
0.0001 2.18E-05 7.08E-05 2.54E-05 1E-05 7.8E-06 2.18E-05 0.168 0.201 0.01 100 30 10000000 20 30
0.0001 2.18E-05 7.08E-05 2.54E-05 1E-05 7.8E-06 2.18E-05 0.168 0.201 0.01 100 30 10000000 30 40
0.0001 2.18E-05 7.08E-05 2.54E-05 1E-05 7.8E-06 2.18E-05 0.168 0.201 0.01 100 30 10000000 40 50
0.0001 2.18E-05 7.08E-05 2.54E-05 1E-05 7.8E-06 2.18E-05 0.168 0.201 0.01 100 30 10000000 50 60
0.0001 2.18E-05 7.08E-05 2.54E-05 1E-05 7.8E-06 2.18E-05 0.168 0.201 0.01 100 30 10000000 60 70
0.0001 2.18E-05 7.08E-05 2.54E-05 1E-05 7.8E-06 2.18E-05 0.168 0.201 0.01 100 30 10000000 70 80
0.0001 2.18E-05 7.08E-05 2.54E-05 1E-05 7.8E-06 2.18E-05 0.168 0.201 0.01 100 30 10000000 80 90
0.0001 2.18E-05 7.08E-05 2.54E-05 1E-05 7.8E-06 2.18E-05 0.168 0.201 0.01 100 30 10000000 90 101
0.0001 2.18E-05 7.08E-05 2.54E-05 1E-05 7.8E-06 2.18E-05 0.168 0.201 0.01 100 44 10000000 0 10
0.0001 2.18E-05 7.08E-05 2.54E-05 1E-05 7.8E-06 2.18E-05 0.168 0.201 0.01 100 44 10000000 10 20
0.0001 2.18E-05 7.08E-05 2.54E-05 1E-05 7.8E-06 2.18E-05 0.168 0.201 0.01 100 44 10000000 20 30
0.0001 2.18E-05 7.08E-05 2.54E-05 1E-05 7.8E-06 2.18E-05 0.168 0.201 0.01 100 44 10000000 30 40
0.0001 2.18E-05 7.08E-05 2.54E-05 1E-05 7.8E-06 2.18E-05 0.168 0.201 0.01 100 44 10000000 40 50
0.0001 2.18E-05 7.08E-05 2.54E-05 1E-05 7.8E-06 2.18E-05 0.168 0.201 0.01 100 44 10000000 50 60
0.0001 2.18E-05 7.08E-05 2.54E-05 1E-05 7.8E-06 2.18E-05 0.168 0.201 0.01 100 44 10000000 60 70
0.0001 2.18E-05 7.08E-05 2.54E-05 1E-05 7.8E-06 2.18E-05 0.168 0.201 0.01 100 44 10000000 70 80
0.0001 2.18E-05 7.08E-05 2.54E-05 1E-05 7.8E-06 2.18E-05 0.168 0.201 0.01 100 44 10000000 80 90
0.0001 2.18E-05 7.08E-05 2.54E-05 1E-05 7.8E-06 2.18E-05 0.168 0.201 0.01 100 44 10000000 90 101
0.0001 2.18E-05 7.08E-05 2.54E-05 1E-05 7.8E-06 2.18E-05 0.168 0.201 0.01 100 52 10000000 0 10
0.0001 2.18E-05 7.08E-05 2.54E-05 1E-05 7.8E-06 2.18E-05 0.168 0.201 0.01 100 52 10000000 10 20
0.0001 2.18E-05 7.08E-05 2.54E-05 1E-05 7.8E-06 2.18E-05 0.168 0.201 0.01 100 52 10000000 20 30
0.0001 2.18E-05 7.08E-05 2.54E-05 1E-05 7.8E-06 2.18E-05 0.168 0.201 0.01 100 52 10000000 30 40
0.0001 2.18E-05 7.08E-05 2.54E-05 1E-05 7.8E-06 2.18E-05 0.168 0.201 0.01 100 52 10000000 40 50
0.0001 2.18E-05 7.08E-05 2.54E-05 1E-05 7.8E-06 2.18E-05 0.168 0.201 0.01 100 52 10000000 50 60
0.0001 2.18E-05 7.08E-05 2.54E-05 1E-05 7.8E-06 2.18E-05 0.168 0.201 0.01 100 52 10000000 60 70
0.0001 2.18E-05 7.08E-05 2.54E-05 1E-05 7.8E-06 2.18E-05 0.168 0.201 0.01 100 52 10000000 70 80
0.0001 2.18E-05 7.08E-05 2.54E-05 1E-05 7.8E-06 2.18E-05 0.168 0.201 0.01 100 52 10000000 80 90
0.0001 2.18E-05 7.08E-05 2.54E-05 1E-05 7.8E-06 2.18E-05 0.168 0.201 0.01 100 52 10000000 90 101
