0.0001 2.18E-05 7.08E-05 2.54E-05 1E-05 7.8E-06 2.18E-05 0.168 0.201 0.01 100 1 10000000 37 38
0.0001 2.18E-05 7.08E-05 2.54E-05 1E-05 7.8E-06 2.18E-05 0.168 0.201 0.01 100 2 10000000 2 3
0.0001 2.18E-05 7.08E-05 2.54E-05 1E-05 7.8E-06 2.18E-05 0.168 0.201 0.01 100 4 10000000 76 77
0.0001 2.18E-05 7.08E-05 2.54E-05 1E-05 7.8E-06 2.18E-05 0.168 0.201 0.01 100 4 10000000 77 78
0.0001 2.18E-05 7.08E-05 2.54E-05 1E-05 7.8E-06 2.18E-05 0.168 0.201 0.01 100 4 10000000 78 79
0.0001 2.18E-05 7.08E-05 2.54E-05 1E-05 7.8E-06 2.18E-05 0.168 0.201 0.01 100 4 10000000 79 80
0.0001 2.18E-05 7.08E-05 2.54E-05 1E-05 7.8E-06 2.18E-05 0.168 0.201 0.01 100 4 10000000 96 97
0.0001 2.18E-05 7.08E-05 2.54E-05 1E-05 7.8E-06 2.18E-05 0.168 0.201 0.01 100 6 10000000 30 31
0.0001 2.18E-05 7.08E-05 2.54E-05 1E-05 7.8E-06 2.18E-05 0.168 0.201 0.01 100 6 10000000 35 36
0.0001 2.18E-05 7.08E-05 2.54E-05 1E-05 7.8E-06 2.18E-05 0.168 0.201 0.01 100 6 10000000 44 45
0.0001 2.18E-05 7.08E-05 2.54E-05 1E-05 7.8E-06 2.18E-05 0.168 0.201 0.01 100 6 10000000 45 46
0.0001 2.18E-05 7.08E-05 2.54E-05 1E-05 7.8E-06 2.18E-05 0.168 0.201 0.01 100 6 10000000 46 47
0.0001 2.18E-05 7.08E-05 2.54E-05 1E-05 7.8E-06 2.18E-05 0.168 0.201 0.01 100 6 10000000 47 48
0.0001 2.18E-05 7.08E-05 2.54E-05 1E-05 7.8E-06 2.18E-05 0.168 0.201 0.01 100 6 10000000 48 49
0.0001 2.18E-05 7.08E-05 2.54E-05 1E-05 7.8E-06 2.18E-05 0.168 0.201 0.01 100 12 10000000 1 2
0.0001 2.18E-05 7.08E-05 2.54E-05 1E-05 7.8E-06 2.18E-05 0.168 0.201 0.01 100 12 10000000 2 3
0.0001 2.18E-05 7.08E-05 2.54E-05 1E-05 7.8E-06 2.18E-05 0.168 0.201 0.01 100 12 10000000 3 4
0.0001 2.18E-05 7.08E-05 2.54E-05 1E-05 7.8E-06 2.18E-05 0.168 0.201 0.01 100 12 10000000 45 46
0.0001 2.18E-05 7.08E-05 2.54E-05 1E-05 7.8E-06 2.18E-05 0.168 0.201 0.01 100 12 10000000 46 47
0.0001 2.18E-05 7.08E-05 2.54E-05 1E-05 7.8E-06 2.18E-05 0.168 0.201 0.01 100 14 10000000 99 100
0.0001 2.18E-05 7.08E-05 2.54E-05 1E-05 7.8E-06 2.18E-05 0.168 0.201 0.01 100 16 10000000 0 1
0.0001 2.18E-05 7.08E-05 2.54E-05 1E-05 7.8E-06 2.18E-05 0.168 0.201 0.01 100 16 10000000 22 23
0.0001 2.18E-05 7.08E-05 2.54E-05 1E-05 7.8E-06 2.18E-05 0.168 0.201 0.01 100 16 10000000 60 61
0.0001 2.18E-05 7.08E-05 2.54E-05 1E-05 7.8E-06 2.18E-05 0.168 0.201 0.01 100 16 10000000 61 62
0.0001 2.18E-05 7.08E-05 2.54E-05 1E-05 7.8E-06 2.18E-05 0.168 0.201 0.01 100 16 10000000 62 63
0.0001 2.18E-05 7.08E-05 2.54E-05 1E-05 7.8E-06 2.18E-05 0.168 0.201 0.01 100 16 10000000 63 64
0.0001 2.18E-05 7.08E-05 2.54E-05 1E-05 7.8E-06 2.18E-05 0.168 0.201 0.01 100 16 10000000 64 65
0.0001 2.18E-05 7.08E-05 2.54E-05 1E-05 7.8E-06 2.18E-05 0.168 0.201 0.01 100 16 10000000 65 66
0.0001 2.18E-05 7.08E-05 2.54E-05 1E-05 7.8E-06 2.18E-05 0.168 0.201 0.01 100 16 10000000 76 77
0.0001 2.18E-05 7.08E-05 2.54E-05 1E-05 7.8E-06 2.18E-05 0.168 0.201 0.01 100 16 10000000 94 95
0.0001 2.18E-05 7.08E-05 2.54E-05 1E-05 7.8E-06 2.18E-05 0.168 0.201 0.01 100 16 10000000 95 96
0.0001 2.18E-05 7.08E-05 2.54E-05 1E-05 7.8E-06 2.18E-05 0.168 0.201 0.01 100 18 10000000 80 81
0.0001 2.18E-05 7.08E-05 2.54E-05 1E-05 7.8E-06 2.18E-05 0.168 0.201 0.01 100 20 10000000 15 16
0.0001 2.18E-05 7.08E-05 2.54E-05 1E-05 7.8E-06 2.18E-05 0.168 0.201 0.01 100 20 10000000 16 17
0.0001 2.18E-05 7.08E-05 2.54E-05 1E-05 7.8E-06 2.18E-05 0.168 0.201 0.01 100 20 10000000 17 18
0.0001 2.18E-05 7.08E-05 2.54E-05 1E-05 7.8E-06 2.18E-05 0.168 0.201 0.01 100 20 10000000 18 19
0.0001 2.18E-05 7.08E-05 2.54E-05 1E-05 7.8E-06 2.18E-05 0.168 0.201 0.01 100 20 10000000 17 18
0.0001 2.18E-05 7.08E-05 2.54E-05 1E-05 7.8E-06 2.18E-05 0.168 0.201 0.01 100 20 10000000 18 19
0.0001 2.18E-05 7.08E-05 2.54E-05 1E-05 7.8E-06 2.18E-05 0.168 0.201 0.01 100 20 10000000 19 20
0.0001 2.18E-05 7.08E-05 2.54E-05 1E-05 7.8E-06 2.18E-05 0.168 0.201 0.01 100 20 10000000 20 21
0.0001 2.18E-05 7.08E-05 2.54E-05 1E-05 7.8E-06 2.18E-05 0.168 0.201 0.01 100 20 10000000 73 74
0.0001 2.18E-05 7.08E-05 2.54E-05 1E-05 7.8E-06 2.18E-05 0.168 0.201 0.01 100 24 10000000 6 7
0.0001 2.18E-05 7.08E-05 2.54E-05 1E-05 7.8E-06 2.18E-05 0.168 0.201 0.01 100 24 10000000 7 8
0.0001 2.18E-05 7.08E-05 2.54E-05 1E-05 7.8E-06 2.18E-05 0.168 0.201 0.01 100 24 10000000 8 9
0.0001 2.18E-05 7.08E-05 2.54E-05 1E-05 7.8E-06 2.18E-05 0.168 0.201 0.01 100 24 10000000 9 10
0.0001 2.18E-05 7.08E-05 2.54E-05 1E-05 7.8E-06 2.18E-05 0.168 0.201 0.01 100 24 10000000 10 11
0.0001 2.18E-05 7.08E-05 2.54E-05 1E-05 7.8E-06 2.18E-05 0.168 0.201 0.01 100 24 10000000 43 44
0.0001 2.18E-05 7.08E-05 2.54E-05 1E-05 7.8E-06 2.18E-05 0.168 0.201 0.01 100 24 10000000 46 47
0.0001 2.18E-05 7.08E-05 2.54E-05 1E-05 7.8E-06 2.18E-05 0.168 0.201 0.01 100 24 10000000 47 48
0.0001 2.18E-05 7.08E-05 2.54E-05 1E-05 7.8E-06 2.18E-05 0.168 0.201 0.01 100 24 10000000 70 71
0.0001 2.18E-05 7.08E-05 2.54E-05 1E-05 7.8E-06 2.18E-05 0.168 0.201 0.01 100 30 10000000 0 1
0.0001 2.18E-05 7.08E-05 2.54E-05 1E-05 7.8E-06 2.18E-05 0.168 0.201 0.01 100 30 10000000 19 20
0.0001 2.18E-05 7.08E-05 2.54E-05 1E-05 7.8E-06 2.18E-05 0.168 0.201 0.01 100 30 10000000 20 21
0.0001 2.18E-05 7.08E-05 2.54E-05 1E-05 7.8E-06 2.18E-05 0.168 0.201 0.01 100 36 10000000 21 22
0.0001 2.18E-05 7.08E-05 2.54E-05 1E-05 7.8E-06 2.18E-05 0.168 0.201 0.01 100 40 10000000 9 10
0.0001 2.18E-05 7.08E-05 2.54E-05 1E-05 7.8E-06 2.18E-05 0.168 0.201 0.01 100 56 10000000 61 62
