0.001 100 0 10000000 0 8
0.001 100 0 10000000 8 16
0.001 100 0 10000000 16 24
0.001 100 0 10000000 24 32
0.001 100 0 10000000 32 40
0.001 100 0 10000000 40 48
0.001 100 0 10000000 48 56
0.001 100 0 10000000 56 64
0.001 100 0 10000000 64 72
0.001 100 0 10000000 72 80
0.001 100 0 10000000 80 88
0.001 100 0 10000000 88 96
0.001 100 0 10000000 96 100
0.001 100 1 10000000 0 8
0.001 100 1 10000000 8 16
0.001 100 1 10000000 16 24
0.001 100 1 10000000 24 32
0.001 100 1 10000000 32 40
0.001 100 1 10000000 40 48
0.001 100 1 10000000 48 56
0.001 100 1 10000000 56 64
0.001 100 1 10000000 64 72
0.001 100 1 10000000 72 80
0.001 100 1 10000000 80 88
0.001 100 1 10000000 88 96
0.001 100 1 10000000 96 100
0.001 100 2 10000000 0 8
0.001 100 2 10000000 8 16
0.001 100 2 10000000 16 24
0.001 100 2 10000000 24 32
0.001 100 2 10000000 32 40
0.001 100 2 10000000 40 48
0.001 100 2 10000000 48 56
0.001 100 2 10000000 56 64
0.001 100 2 10000000 64 72
0.001 100 2 10000000 72 80
0.001 100 2 10000000 80 88
0.001 100 2 10000000 88 96
0.001 100 2 10000000 96 100
0.001 100 4 10000000 0 8
0.001 100 4 10000000 8 16
0.001 100 4 10000000 16 24
0.001 100 4 10000000 24 32
0.001 100 4 10000000 32 40
0.001 100 4 10000000 40 48
0.001 100 4 10000000 48 56
0.001 100 4 10000000 56 64
0.001 100 4 10000000 64 72
0.001 100 4 10000000 72 80
0.001 100 4 10000000 80 88
0.001 100 4 10000000 88 96
0.001 100 4 10000000 96 100
0.001 100 8 10000000 0 8
0.001 100 8 10000000 8 16
0.001 100 8 10000000 16 24
0.001 100 8 10000000 24 32
0.001 100 8 10000000 32 40
0.001 100 8 10000000 40 48
0.001 100 8 10000000 48 56
0.001 100 8 10000000 56 64
0.001 100 8 10000000 64 72
0.001 100 8 10000000 72 80
0.001 100 8 10000000 80 88
0.001 100 8 10000000 88 96
0.001 100 8 10000000 96 100
0.001 100 16 10000000 0 8
0.001 100 16 10000000 8 16
0.001 100 16 10000000 16 24
0.001 100 16 10000000 24 32
0.001 100 16 10000000 32 40
0.001 100 16 10000000 40 48
0.001 100 16 10000000 48 56
0.001 100 16 10000000 56 64
0.001 100 16 10000000 64 72
0.001 100 16 10000000 72 80
0.001 100 16 10000000 80 88
0.001 100 16 10000000 88 96
0.001 100 16 10000000 96 100
0.001 100 16 10000000 0 8
0.001 100 32 10000000 8 16
0.001 100 32 10000000 16 24
0.001 100 32 10000000 24 32
0.001 100 32 10000000 32 40
0.001 100 32 10000000 40 48
0.001 100 32 10000000 48 56
0.001 100 32 10000000 56 64
0.001 100 32 10000000 64 72
0.001 100 32 10000000 72 80
0.001 100 32 10000000 80 88
0.001 100 32 10000000 88 96
0.001 100 32 10000000 96 100
0.001 100 64 10000000 0 8
0.001 100 64 10000000 8 16
0.001 100 64 10000000 16 24
0.001 100 64 10000000 24 32
0.001 100 64 10000000 32 40
0.001 100 64 10000000 40 48
0.001 100 64 10000000 48 56
0.001 100 64 10000000 56 64
0.001 100 64 10000000 64 72
0.001 100 64 10000000 72 80
0.001 100 64 10000000 80 88
0.001 100 64 10000000 88 96
0.001 100 64 10000000 96 100