0.0001 2.18E-05 7.08E-05 2.54E-05 1E-05 7.8E-06 2.18E-05 0.168 0.201 0.01 18 10000000 0 10
0.0001 2.18E-05 7.08E-05 2.54E-05 1E-05 7.8E-06 2.18E-05 0.168 0.201 0.01 18 10000000 10 20
0.0001 2.18E-05 7.08E-05 2.54E-05 1E-05 7.8E-06 2.18E-05 0.168 0.201 0.01 18 10000000 20 30
0.0001 2.18E-05 7.08E-05 2.54E-05 1E-05 7.8E-06 2.18E-05 0.168 0.201 0.01 18 10000000 30 40
0.0001 2.18E-05 7.08E-05 2.54E-05 1E-05 7.8E-06 2.18E-05 0.168 0.201 0.01 18 10000000 40 50
0.0001 2.18E-05 7.08E-05 2.54E-05 1E-05 7.8E-06 2.18E-05 0.168 0.201 0.01 18 10000000 50 60
0.0001 2.18E-05 7.08E-05 2.54E-05 1E-05 7.8E-06 2.18E-05 0.168 0.201 0.01 18 10000000 60 70
0.0001 2.18E-05 7.08E-05 2.54E-05 1E-05 7.8E-06 2.18E-05 0.168 0.201 0.01 18 10000000 70 81
0.0001 2.18E-05 7.08E-05 2.54E-05 1E-05 7.8E-06 2.18E-05 0.168 0.201 0.01 20 10000000 0 10
0.0001 2.18E-05 7.08E-05 2.54E-05 1E-05 7.8E-06 2.18E-05 0.168 0.201 0.01 20 10000000 10 20
0.0001 2.18E-05 7.08E-05 2.54E-05 1E-05 7.8E-06 2.18E-05 0.168 0.201 0.01 20 10000000 20 30
0.0001 2.18E-05 7.08E-05 2.54E-05 1E-05 7.8E-06 2.18E-05 0.168 0.201 0.01 20 10000000 30 40
0.0001 2.18E-05 7.08E-05 2.54E-05 1E-05 7.8E-06 2.18E-05 0.168 0.201 0.01 20 10000000 40 50
0.0001 2.18E-05 7.08E-05 2.54E-05 1E-05 7.8E-06 2.18E-05 0.168 0.201 0.01 20 10000000 50 60
0.0001 2.18E-05 7.08E-05 2.54E-05 1E-05 7.8E-06 2.18E-05 0.168 0.201 0.01 20 10000000 60 70
0.0001 2.18E-05 7.08E-05 2.54E-05 1E-05 7.8E-06 2.18E-05 0.168 0.201 0.01 20 10000000 70 81
0.0001 2.18E-05 7.08E-05 2.54E-05 1E-05 7.8E-06 2.18E-05 0.168 0.201 0.01 24 10000000 0 10
0.0001 2.18E-05 7.08E-05 2.54E-05 1E-05 7.8E-06 2.18E-05 0.168 0.201 0.01 24 10000000 10 20
0.0001 2.18E-05 7.08E-05 2.54E-05 1E-05 7.8E-06 2.18E-05 0.168 0.201 0.01 24 10000000 20 30
0.0001 2.18E-05 7.08E-05 2.54E-05 1E-05 7.8E-06 2.18E-05 0.168 0.201 0.01 24 10000000 30 40
0.0001 2.18E-05 7.08E-05 2.54E-05 1E-05 7.8E-06 2.18E-05 0.168 0.201 0.01 24 10000000 40 50
0.0001 2.18E-05 7.08E-05 2.54E-05 1E-05 7.8E-06 2.18E-05 0.168 0.201 0.01 24 10000000 50 60
0.0001 2.18E-05 7.08E-05 2.54E-05 1E-05 7.8E-06 2.18E-05 0.168 0.201 0.01 24 10000000 60 70
0.0001 2.18E-05 7.08E-05 2.54E-05 1E-05 7.8E-06 2.18E-05 0.168 0.201 0.01 24 10000000 70 81
0.0001 2.18E-05 7.08E-05 2.54E-05 1E-05 7.8E-06 2.18E-05 0.168 0.201 0.01 28 10000000 0 10
0.0001 2.18E-05 7.08E-05 2.54E-05 1E-05 7.8E-06 2.18E-05 0.168 0.201 0.01 28 10000000 10 20
0.0001 2.18E-05 7.08E-05 2.54E-05 1E-05 7.8E-06 2.18E-05 0.168 0.201 0.01 28 10000000 20 30
0.0001 2.18E-05 7.08E-05 2.54E-05 1E-05 7.8E-06 2.18E-05 0.168 0.201 0.01 28 10000000 30 40
0.0001 2.18E-05 7.08E-05 2.54E-05 1E-05 7.8E-06 2.18E-05 0.168 0.201 0.01 28 10000000 40 50
0.0001 2.18E-05 7.08E-05 2.54E-05 1E-05 7.8E-06 2.18E-05 0.168 0.201 0.01 28 10000000 50 60
0.0001 2.18E-05 7.08E-05 2.54E-05 1E-05 7.8E-06 2.18E-05 0.168 0.201 0.01 28 10000000 60 70
0.0001 2.18E-05 7.08E-05 2.54E-05 1E-05 7.8E-06 2.18E-05 0.168 0.201 0.01 28 10000000 70 81
0.0001 2.18E-05 7.08E-05 2.54E-05 1E-05 7.8E-06 2.18E-05 0.168 0.201 0.01 30 10000000 0 10
0.0001 2.18E-05 7.08E-05 2.54E-05 1E-05 7.8E-06 2.18E-05 0.168 0.201 0.01 30 10000000 10 20
0.0001 2.18E-05 7.08E-05 2.54E-05 1E-05 7.8E-06 2.18E-05 0.168 0.201 0.01 30 10000000 20 30
0.0001 2.18E-05 7.08E-05 2.54E-05 1E-05 7.8E-06 2.18E-05 0.168 0.201 0.01 30 10000000 30 40
0.0001 2.18E-05 7.08E-05 2.54E-05 1E-05 7.8E-06 2.18E-05 0.168 0.201 0.01 30 10000000 40 50
0.0001 2.18E-05 7.08E-05 2.54E-05 1E-05 7.8E-06 2.18E-05 0.168 0.201 0.01 30 10000000 50 60
0.0001 2.18E-05 7.08E-05 2.54E-05 1E-05 7.8E-06 2.18E-05 0.168 0.201 0.01 30 10000000 60 70
0.0001 2.18E-05 7.08E-05 2.54E-05 1E-05 7.8E-06 2.18E-05 0.168 0.201 0.01 30 10000000 70 81
0.0001 2.18E-05 7.08E-05 2.54E-05 1E-05 7.8E-06 2.18E-05 0.168 0.201 0.01 36 10000000 0 10
0.0001 2.18E-05 7.08E-05 2.54E-05 1E-05 7.8E-06 2.18E-05 0.168 0.201 0.01 36 10000000 10 20
0.0001 2.18E-05 7.08E-05 2.54E-05 1E-05 7.8E-06 2.18E-05 0.168 0.201 0.01 36 10000000 20 30
0.0001 2.18E-05 7.08E-05 2.54E-05 1E-05 7.8E-06 2.18E-05 0.168 0.201 0.01 36 10000000 30 40
0.0001 2.18E-05 7.08E-05 2.54E-05 1E-05 7.8E-06 2.18E-05 0.168 0.201 0.01 36 10000000 40 50
0.0001 2.18E-05 7.08E-05 2.54E-05 1E-05 7.8E-06 2.18E-05 0.168 0.201 0.01 36 10000000 50 60
0.0001 2.18E-05 7.08E-05 2.54E-05 1E-05 7.8E-06 2.18E-05 0.168 0.201 0.01 36 10000000 60 70
0.0001 2.18E-05 7.08E-05 2.54E-05 1E-05 7.8E-06 2.18E-05 0.168 0.201 0.01 36 10000000 70 81
0.0001 2.18E-05 7.08E-05 2.54E-05 1E-05 7.8E-06 2.18E-05 0.168 0.201 0.01 40 10000000 0 10
0.0001 2.18E-05 7.08E-05 2.54E-05 1E-05 7.8E-06 2.18E-05 0.168 0.201 0.01 40 10000000 10 20
0.0001 2.18E-05 7.08E-05 2.54E-05 1E-05 7.8E-06 2.18E-05 0.168 0.201 0.01 40 10000000 20 30
0.0001 2.18E-05 7.08E-05 2.54E-05 1E-05 7.8E-06 2.18E-05 0.168 0.201 0.01 40 10000000 30 40
0.0001 2.18E-05 7.08E-05 2.54E-05 1E-05 7.8E-06 2.18E-05 0.168 0.201 0.01 40 10000000 40 50
0.0001 2.18E-05 7.08E-05 2.54E-05 1E-05 7.8E-06 2.18E-05 0.168 0.201 0.01 40 10000000 50 60
0.0001 2.18E-05 7.08E-05 2.54E-05 1E-05 7.8E-06 2.18E-05 0.168 0.201 0.01 40 10000000 60 70
0.0001 2.18E-05 7.08E-05 2.54E-05 1E-05 7.8E-06 2.18E-05 0.168 0.201 0.01 40 10000000 70 81
0.0001 2.18E-05 7.08E-05 2.54E-05 1E-05 7.8E-06 2.18E-05 0.168 0.201 0.01 44 10000000 0 10
0.0001 2.18E-05 7.08E-05 2.54E-05 1E-05 7.8E-06 2.18E-05 0.168 0.201 0.01 44 10000000 10 20
0.0001 2.18E-05 7.08E-05 2.54E-05 1E-05 7.8E-06 2.18E-05 0.168 0.201 0.01 44 10000000 20 30
0.0001 2.18E-05 7.08E-05 2.54E-05 1E-05 7.8E-06 2.18E-05 0.168 0.201 0.01 44 10000000 30 40
0.0001 2.18E-05 7.08E-05 2.54E-05 1E-05 7.8E-06 2.18E-05 0.168 0.201 0.01 44 10000000 40 50
0.0001 2.18E-05 7.08E-05 2.54E-05 1E-05 7.8E-06 2.18E-05 0.168 0.201 0.01 44 10000000 50 60
0.0001 2.18E-05 7.08E-05 2.54E-05 1E-05 7.8E-06 2.18E-05 0.168 0.201 0.01 44 10000000 60 70
0.0001 2.18E-05 7.08E-05 2.54E-05 1E-05 7.8E-06 2.18E-05 0.168 0.201 0.01 44 10000000 70 81
0.0001 2.18E-05 7.08E-05 2.54E-05 1E-05 7.8E-06 2.18E-05 0.168 0.201 0.01 48 10000000 0 10
0.0001 2.18E-05 7.08E-05 2.54E-05 1E-05 7.8E-06 2.18E-05 0.168 0.201 0.01 48 10000000 10 20
0.0001 2.18E-05 7.08E-05 2.54E-05 1E-05 7.8E-06 2.18E-05 0.168 0.201 0.01 48 10000000 20 30
0.0001 2.18E-05 7.08E-05 2.54E-05 1E-05 7.8E-06 2.18E-05 0.168 0.201 0.01 48 10000000 30 40
0.0001 2.18E-05 7.08E-05 2.54E-05 1E-05 7.8E-06 2.18E-05 0.168 0.201 0.01 48 10000000 40 50
0.0001 2.18E-05 7.08E-05 2.54E-05 1E-05 7.8E-06 2.18E-05 0.168 0.201 0.01 48 10000000 50 60
0.0001 2.18E-05 7.08E-05 2.54E-05 1E-05 7.8E-06 2.18E-05 0.168 0.201 0.01 48 10000000 60 70
0.0001 2.18E-05 7.08E-05 2.54E-05 1E-05 7.8E-06 2.18E-05 0.168 0.201 0.01 48 10000000 70 81
0.0001 2.18E-05 7.08E-05 2.54E-05 1E-05 7.8E-06 2.18E-05 0.168 0.201 0.01 52 10000000 0 10
0.0001 2.18E-05 7.08E-05 2.54E-05 1E-05 7.8E-06 2.18E-05 0.168 0.201 0.01 52 10000000 10 20
0.0001 2.18E-05 7.08E-05 2.54E-05 1E-05 7.8E-06 2.18E-05 0.168 0.201 0.01 52 10000000 20 30
0.0001 2.18E-05 7.08E-05 2.54E-05 1E-05 7.8E-06 2.18E-05 0.168 0.201 0.01 52 10000000 30 40
0.0001 2.18E-05 7.08E-05 2.54E-05 1E-05 7.8E-06 2.18E-05 0.168 0.201 0.01 52 10000000 40 50
0.0001 2.18E-05 7.08E-05 2.54E-05 1E-05 7.8E-06 2.18E-05 0.168 0.201 0.01 52 10000000 50 60
0.0001 2.18E-05 7.08E-05 2.54E-05 1E-05 7.8E-06 2.18E-05 0.168 0.201 0.01 52 10000000 60 70
0.0001 2.18E-05 7.08E-05 2.54E-05 1E-05 7.8E-06 2.18E-05 0.168 0.201 0.01 52 10000000 70 81
0.0001 2.18E-05 7.08E-05 2.54E-05 1E-05 7.8E-06 2.18E-05 0.168 0.201 0.01 56 10000000 0 10
0.0001 2.18E-05 7.08E-05 2.54E-05 1E-05 7.8E-06 2.18E-05 0.168 0.201 0.01 56 10000000 10 20
0.0001 2.18E-05 7.08E-05 2.54E-05 1E-05 7.8E-06 2.18E-05 0.168 0.201 0.01 56 10000000 20 30
0.0001 2.18E-05 7.08E-05 2.54E-05 1E-05 7.8E-06 2.18E-05 0.168 0.201 0.01 56 10000000 30 40
0.0001 2.18E-05 7.08E-05 2.54E-05 1E-05 7.8E-06 2.18E-05 0.168 0.201 0.01 56 10000000 40 50
0.0001 2.18E-05 7.08E-05 2.54E-05 1E-05 7.8E-06 2.18E-05 0.168 0.201 0.01 56 10000000 50 60
0.0001 2.18E-05 7.08E-05 2.54E-05 1E-05 7.8E-06 2.18E-05 0.168 0.201 0.01 56 10000000 60 70
0.0001 2.18E-05 7.08E-05 2.54E-05 1E-05 7.8E-06 2.18E-05 0.168 0.201 0.01 56 10000000 70 81
0.0001 2.18E-05 7.08E-05 2.54E-05 1E-05 7.8E-06 2.18E-05 0.168 0.201 0.01 60 10000000 0 10
0.0001 2.18E-05 7.08E-05 2.54E-05 1E-05 7.8E-06 2.18E-05 0.168 0.201 0.01 60 10000000 10 20
0.0001 2.18E-05 7.08E-05 2.54E-05 1E-05 7.8E-06 2.18E-05 0.168 0.201 0.01 60 10000000 20 30
0.0001 2.18E-05 7.08E-05 2.54E-05 1E-05 7.8E-06 2.18E-05 0.168 0.201 0.01 60 10000000 30 40
0.0001 2.18E-05 7.08E-05 2.54E-05 1E-05 7.8E-06 2.18E-05 0.168 0.201 0.01 60 10000000 40 50
0.0001 2.18E-05 7.08E-05 2.54E-05 1E-05 7.8E-06 2.18E-05 0.168 0.201 0.01 60 10000000 50 60
0.0001 2.18E-05 7.08E-05 2.54E-05 1E-05 7.8E-06 2.18E-05 0.168 0.201 0.01 60 10000000 60 70
0.0001 2.18E-05 7.08E-05 2.54E-05 1E-05 7.8E-06 2.18E-05 0.168 0.201 0.01 60 10000000 70 81
