epsilon_k[0] 0.0001
epsilon_k[1] 2.18e-05
epsilon_k[2] 7.08e-05
epsilon_k[3] 2.54e-05
epsilon_k[4] 1e-05
epsilon_k[5] 7.8e-06
epsilon_k[6] 2.18e-05
omega_x0 0.168
omega_y0 0.201
dx 0.01
epsilon 16
max_turns 10000000
from_y 8
to_y 16
0.08 1e+07 1e+07 1e+07 1e+07 1e+07 1e+07 1e+07 1e+07 1e+07 1e+07 1e+07 1e+07 1e+07 1e+07 1e+07 1e+07 1e+07 1e+07 1e+07 1e+07 1e+07 1e+07 1e+07 1e+07 1e+07 1e+07 1e+07 1e+07 1e+07 1e+07 1e+07 1e+07 1e+07 1e+07 1e+07 1e+07 1e+07 1e+07 1e+07 1e+07 1e+07 1e+07 1e+07 1e+07 6.94443e+06 2.97274e+06 2.97274e+06 135257 135257 135257 135257 135257 135257 135257 135257 135257 135257 135257 73852 68121 41593 24323 2219 2219 2219 2219 1335 1327 1327 1327 1081 299 
0.09 1e+07 1e+07 1e+07 1e+07 1e+07 1e+07 1e+07 1e+07 1e+07 1e+07 1e+07 1e+07 1e+07 1e+07 1e+07 1e+07 1e+07 1e+07 1e+07 1e+07 1e+07 1e+07 1e+07 1e+07 1e+07 1e+07 1e+07 1e+07 1e+07 1e+07 1e+07 1e+07 1e+07 1e+07 1e+07 1e+07 1e+07 1e+07 1e+07 1e+07 1e+07 1e+07 1e+07 1e+07 9.23406e+06 2.40959e+06 1.85043e+06 295034 107369 107369 107369 107369 107369 107369 107369 107369 107369 65693 65693 38332 38332 12500 7119 7119 7119 2188 2188 2188 1851 1322 1322 1322 426 
0.1 1e+07 1e+07 1e+07 1e+07 1e+07 1e+07 1e+07 1e+07 1e+07 1e+07 1e+07 1e+07 1e+07 1e+07 1e+07 1e+07 1e+07 1e+07 1e+07 1e+07 1e+07 1e+07 1e+07 1e+07 1e+07 1e+07 1e+07 1e+07 1e+07 1e+07 1e+07 1e+07 1e+07 1e+07 1e+07 1e+07 1e+07 1e+07 1e+07 1e+07 1e+07 1e+07 1e+07 1e+07 1e+07 945979 945979 344335 187998 187998 187998 187998 187998 187998 187998 187998 187998 103601 27516 12920 12920 12920 12920 1673 1673 1673 1673 1673 1673 1377 1377 1377 1377 414 
0.11 1e+07 1e+07 1e+07 1e+07 1e+07 1e+07 1e+07 1e+07 1e+07 1e+07 1e+07 1e+07 1e+07 1e+07 1e+07 1e+07 1e+07 1e+07 1e+07 1e+07 1e+07 1e+07 1e+07 1e+07 1e+07 1e+07 1e+07 1e+07 1e+07 1e+07 1e+07 1e+07 1e+07 1e+07 1e+07 1e+07 1e+07 1e+07 1e+07 1e+07 1e+07 1e+07 1e+07 1e+07 6.18938e+06 4.28553e+06 1.53236e+06 1.53236e+06 113943 113943 32627 32627 32627 32627 32627 32627 32627 32627 14715 12747 12747 12747 4165 4165 2314 1612 1052 1052 1052 1052 1052 1052 681 
0.12 1e+07 1e+07 1e+07 1e+07 1e+07 1e+07 1e+07 1e+07 1e+07 1e+07 1e+07 1e+07 1e+07 1e+07 1e+07 1e+07 1e+07 1e+07 1e+07 1e+07 1e+07 1e+07 1e+07 1e+07 1e+07 1e+07 1e+07 1e+07 1e+07 1e+07 1e+07 1e+07 1e+07 1e+07 1e+07 1e+07 1e+07 1e+07 1e+07 1e+07 1e+07 1e+07 1e+07 1e+07 6.894e+06 5.76576e+06 1.30186e+06 1.30186e+06 45216 45216 45216 45216 45216 45216 45216 45216 45216 22380 22380 22380 9241 9241 3240 3240 2380 1182 1177 1177 1177 1177 1177 536 
0.13 1e+07 1e+07 1e+07 1e+07 1e+07 1e+07 1e+07 1e+07 1e+07 1e+07 1e+07 1e+07 1e+07 1e+07 1e+07 1e+07 1e+07 1e+07 1e+07 1e+07 1e+07 1e+07 1e+07 1e+07 1e+07 1e+07 1e+07 1e+07 1e+07 1e+07 1e+07 1e+07 1e+07 1e+07 1e+07 1e+07 1e+07 1e+07 1e+07 1e+07 1e+07 1e+07 1e+07 1e+07 1e+07 6.04026e+06 626802 340828 340828 340828 155469 96153 96153 96153 19302 19302 19302 19302 19302 5512 5512 2580 1201 1201 1201 1201 1201 1201 1201 1201 1201 1201 1201 799 
0.14 1e+07 1e+07 1e+07 1e+07 1e+07 1e+07 1e+07 1e+07 1e+07 1e+07 1e+07 1e+07 1e+07 1e+07 1e+07 1e+07 1e+07 1e+07 1e+07 1e+07 1e+07 1e+07 1e+07 1e+07 1e+07 1e+07 1e+07 1e+07 1e+07 1e+07 1e+07 1e+07 1e+07 1e+07 1e+07 1e+07 1e+07 1e+07 1e+07 1e+07 1e+07 1e+07 1e+07 1e+07 2.83599e+06 2.83599e+06 1.86955e+06 396292 92407 45935 45935 45935 29459 6939 6939 6939 6939 6939 6939 6939 6939 2895 2895 949 
0.15 1e+07 1e+07 1e+07 1e+07 1e+07 1e+07 1e+07 1e+07 1e+07 1e+07 1e+07 1e+07 1e+07 1e+07 1e+07 1e+07 1e+07 1e+07 1e+07 1e+07 1e+07 1e+07 1e+07 1e+07 1e+07 1e+07 1e+07 1e+07 1e+07 1e+07 1e+07 1e+07 1e+07 1e+07 1e+07 1e+07 1e+07 1e+07 1e+07 1e+07 1e+07 1e+07 1e+07 3.25796e+06 3.25796e+06 3.25796e+06 369191 369191 329662 27370 27370 27370 27370 11078 11078 7573 7573 7573 6249 3798 2585 2585 2585 1153 1153 1153 589 
